22.63   54.46  846.49
22.62   55.52  846.49
22.63   55.79  846.48
22.60   56.12  846.44
22.55   56.13  846.41
22.55   56.10  846.39
22.49   56.40  846.31
22.48   56.92  846.33
22.45   56.79  846.32
22.45   56.98  846.33
22.35   56.09  846.20
22.33   55.52  846.08
22.27   53.68  846.11
22.20   52.62  846.05
22.16   51.86  846.06
22.12   51.11  846.02
22.05   51.26  845.96
21.96   52.07  845.90
21.93   53.09  845.87
21.96   53.79  845.92
21.92   54.07  846.09
21.96   54.50  846.10
22.00   54.88  846.08
21.97   54.65  846.17
21.87   55.12  846.30
21.88   55.95  846.32
21.83   55.57  846.54
21.73   56.14  846.55
21.70   56.20  846.69
21.69   56.23  846.76
21.82   56.20  846.76
21.71   57.22  846.85
21.71   58.99  846.96
21.69   60.18  847.23
21.60   63.41  847.51
21.43   65.12  847.69
21.48   65.45  847.72
21.59   66.03  847.75
21.68   64.64  847.83
21.71   64.10  848.02
22.56   69.67  848.19
22.11   66.48  848.28
21.89   66.49  848.27
22.07   67.39  848.19
22.41   65.63  848.21
23.17   65.89  848.16
23.04   63.46  848.04
22.77   62.66  847.91
23.14   64.04  847.82
23.25   63.50  847.72
23.45   61.83  847.59
23.58   62.64  847.56
 0.00    0.00   0.00
 0.00    0.00   0.00
 0.00    0.00   0.00
24.06   37.15  846.78
23.97   36.66  846.52
23.67   37.91  846.45
23.38   39.76  846.16
23.44   39.68  845.95
23.40   38.87  845.80
23.46   38.28  845.61
23.45   35.93  845.36
23.56   36.06  845.21
23.66   34.59  845.05
23.69   36.14  844.82
23.67   33.71  844.69
23.69   35.39  844.64
23.69   36.64  844.53
23.87   33.67  844.58
23.71   34.43  844.57
23.64   35.22  844.47
23.65   35.14  844.37
23.63   35.77  844.29
23.60   36.74  844.35
23.67   37.55  844.39
23.58   41.49  844.52
23.48   40.06  844.45
23.33   38.63  844.47
23.36   38.66  844.48
23.08   39.43  844.61
22.95   38.35  844.71
22.84   39.06  844.80
22.90   38.57  844.88
22.90   38.24  845.07
22.87   37.29  845.15
22.79   38.35  845.38
22.77   37.02  845.58
22.66   38.44  845.68
22.79   41.76  845.87
22.72   44.07  846.02
22.87   45.65  846.15
22.76   48.08  846.28
22.68   50.55  846.35
22.65   52.08  846.42
22.65   53.26  846.52